Expected team outcome    Serial position    Valence High            Valence Low
-----------------------  -----------------  ----------------------  -------------------
High                     1                  0.067[-0.010, 0.145]    0.170[0.164, 0.175]
                         2                  0.032[-0.016, 0.081]    0.362[0.357, 0.367]
                         3                  -0.035[-0.084, 0.014]   0.386[0.381, 0.391]
                         4                  -0.256[-0.307, -0.204]  0.129[0.124, 0.134]

Low                      1                  -0.005[-0.069, 0.059]   0.190[0.184, 0.197]
                         2                  0.212[0.170, 0.254]     0.468[0.462, 0.474]
                         3                  0.201[0.154, 0.249]     0.501[0.496, 0.507]
                         4                  -0.045[-0.095, 0.004]   0.214[0.208, 0.219]